19.884
18.8622
22.5401
23.7492
24.0806
22.4484
22.7702
22.0624
21.2832
18.1756
23.0351
24.1352
23.0173
24.1187
25.2283
25.4179
24.0633
22.5137
23.91
18.7572
22.4887
23.3514
22.9856
23.724
20.9826
23.2363
22.7837
23.7288
19.7215
23.4145
24.3382
24.814
23.3163
19.321
20.6083
23.8985
23.8271
22.8823
21.6925
23.9396
18.8981
21.8215
23.8469
23.3245
25.0149
22.377
23.1017
24.5136
22.985
19.0496
21.3805
20.2455
23.3586
24.0777
23.1843
23.0422
25.3419
24.871
20.0971
24.0517
18.8792
22.4014
21.6432
16.106
23.9248
20.4297
17.2277
24.9067
23.3318
22.2877
24.1433
22.4632
25.2942
19.8065
20.971
23.8164
17.0731
23.8145
22.8477
19.9639
23.8884
23.1488
22.8527
21.2019
24.4969
22.6921
21.753
20.2552
24.4225
19.2651
23.028
21.8396
18.5323
15.7847
24.9382
22.3825
22.6565
23.2116
19.456
25.0405
23.6548
23.1605
22.6464
22.5712
24.1293
18.0371
20.1276
18.5661
20.2677
25.4788
23.1864
22.4427
21.944
23.8629
23.8882
24.2299
17.9752
23.8857
25.9621
17.5441
23.263
24.2387
22.3461
18.5041
25.8438
21.0739
22.8066
25.1424
16.9391
24.1943
23.7284
22.1873
19.4538
24.8595
25.9593
24.1016
23.1575
25.9642
21.6977
24.5026
18.3117
21.0429
18.4251
24.8225
24.5564
25.1895
18.9109
23.3618
23.8604
21.1653
21.2736
19.8628
21.535
23.6524
23.8109
17.6306
22.9495
23.9721
22.4561
25.7192
24.1651
16.4418
25.0699
23.6739
23.523
25.266
25.5928
18.2183
20.0285
24.46
20.6252
24.9667
19.942
21.73
22.0565
25.1222
25.0685
24.7048
25.3764
20.9188
20.9919
23.1032
21.4918
20.9717
23.2254
18.3856
22.2081
21.8223
26.4244
22.8861
25.1356
22.5929
23.5186
20.6181
23.072
23.1932
23.353
23.1045
21.7183
23.3794
25.7683
22.078
25.9141
24.9531
23.7869
17.9062
20.2332
24.5545
18.5371
24.3081
23.6038
22.793
16.8859
24.2078
21.0781
21.9715
23.1764
22.7933
22.8803
24.1333
24.3137
22.2677
25.1821
20.3465
23.7238
19.2112
24.2581
25.0224
21.5398
23.9888
24.3031
21.5861
25.4297
22.6159
20.773
24.7871
22.4548
24.2894
19.4857
20.6629
21.0434
22.4038
19.3497
18.5128
18.3912
22.4496
18.8699
24.6416
20.7178
19.2722
20.5046
17.8063
23.675
18.041
21.2872
23.0423
19.9325
23.7174
24.0666
25.92
22.4664
20.964
22.9993
24.9719
24.676
20.2899
24.8337
22.1103
24.8149
17.7832
24.8857
21.028
23.2042
17.4808
21.3406
21.0573
25.7224
19.244
24.1005
24.8032
21.6667
21.9918
24.0551
25.6939
22.6352
25.1794
18.9265
23.936
24.6823
22.4509
23.0516
23.2918
22.2192
21.9363
23.9189
23.4468
21.7701
22.1349
23.7095
20.8821
22.5688
24.5058
24.1856
24.9905
23.4965
22.0664
19.5634
25.6547
24.8494
23.5622
20.631
26.4075
25.5564
23.4168
21.4512
23.4589
25.3585
22.6449
24.4337
21.5482
23.9804
22.5156
21.4469
24.835
22.4008
17.5932
25.5
23.9743
23.0007
22.0413
25.4795
24.0152
25.6716
25.4179
24.9592
24.442
24.1268
24.3009
21.7517
24.1774
22.343
25.115
20.5931
24.6542
24.0621
19.8771
20.5978
18.9544
20.8775
16.1889
19.2507
22.144
25.5546
21.3543
24.478
23.2073
20.8101
20.6498
17.4067
20.4861
17.9753
24.1332
22.2704
21.7112
24.2526
21.4764
26.0789
24.4776
23.3898
24.4205
24.1968
24.3383
24.8204
18.343
25.4986
22.873
22.2221
26.4909
23.0346
19.5216
19.5054
15.982
23.0034
25.0656
22.586
19.8069
21.3449
24.1345
20.3473
24.5523
21.7152
25.1988
22.1921
20.1566
25.0791
24.2179
18.3543
24.3833
23.3698
26.2889
24.7023
18.0514
24.5032
23.9867
22.28
19.8801
20.2718
23.9786
20.8746
20.4426
24.9717
18.3634
23.0938
22.872
20.3463
22.9454
19.9171
25.1265
25.0715
23.181
24.2103
17.5777
22.4282
24.3651
19.8304
22.1342
24.9069
25.3528
24.3751
21.049
24.2766
22.4454
23.197
24.366
24.0696
22.9423
20.8973
17.0754
21.8957
24.5624
18.7575
24.0617
18.7172
23.1749
25.5177
16.9564
23.9796
21.6282
21.8993
23.8627
18.5833
22.0617
22.409
18.2134
20.8511
24.9602
21.1358
24.7241
17.7227
21.5119
23.1605
21.7887
22.0766
24.5407
22.4651
22.1055
26.0401
20.2915
20.2553
18.8386
21.2362
16.6854
21.6315
17.876
23.4449
17.9784
22.9517
20.6547
23.2987
23.9375
24.1384
21.3933
20.035
18.9204
24.5685
22.0193
23.4077
23.0893
18.7476
20.2601
18.007
23.1498
22.523
24.2548
24.823
24.5985
23.9919
24.2121
20.4871
23.7273
23.3116
24.332
25.4491
21.8449
25.014
23.1723
24.135
18.8626
24.9708
24.2163
20.6341
24.4851
24.5964
20.8515
25.9008
23.7989
25.476
25.0462
22.5993
19.0697
22.4219
18.6075
20.9946
21.0047
20.4369
21.8934
23.3881
20.3479
21.4921
19.3917
23.6474
18.6436
18.5026
24.211
22.0376
22.1976
23.0755
23.7873
24.5488
25.4677
24.6861
23.0965
25.4227
25.1908
23.7148
18.2201
24.1705
16.6344
24.9966
25.1426
21.4022
18.3707
21.382
18.8017
20.618
17.9086
23.5786
19.0888
25.8758
21.6463
21.0291
24.5286
20.7296
25.5419
22.9173
18.1877
20.64
20.9648
18.7488
21.8327
24.6804
21.3155
20.2968
20.8937
25.3007
22.6054
20.4596
22.867
19.1524
24.6074
24.78
20.3752
19.2346
23.9422
25.3211
20.6013
21.3517
24.3894
23.777
24.3564
25.9001
18.2542
17.5523
22.7298
19.5928
22.3573
24.7775
20.2071
20.7716
21.6372
17.9635
21.8957
21.937
16.6784
20.5801
23.2947
17.8281
19.1806
24.9242
23.4429
19.6207
25.1199
25.2743
24.8371
21.1528
23.2707
21.5872
20.123
23.5743
22.8155
18.6854
23.6912
22.8236
22.6734
21.8523
23.5895
21.9105
24.4967
23.7176
24.8216
24.8452
23.9132
21.415
20.311
23.5758
24.0266
24.3542
25.189
23.2593
22.6689
24.6748
23.6748
21.8854
26.1454
17.918
24.7706
24.0271
20.6117
18.2126
21.6844
23.4876
24.0696
21.1556
17.2471
26.0766
24.9333
24.6145
24.0833
23.5257
18.6502
25.3832
24.4973
23.7105
17.3875
23.3958
19.6734
23.3379
19.6616
23.0717
24.6129
24.4563
20.3729
19.8881
23.0894
21.635
20.8798
22.6469
25.3821
24.5502
20.0208
24.2762
21.289
25.6041
21.8793
24.7684
18.3522
18.9822
23.4812
24.1624
23.7775
24.3508
24.811
21.3781
21.7769
23.0814
23.2036
25.4834
20.2899
25.1846
20.0245
21.8281
24.9048
24.1963
20.7217
23.3085
21.8741
24.1618
25.2429
18.0997
22.5347
23.4279
20.8162
19.8828
24.8725
24.753
24.3063
20.5254
23.4512
24.5668
22.8831
24.0327
24.3631
22.3755
22.5061
23.5045
20.3876
25.0088
22.9921
22.7945
19.2472
19.3406
24.3098
22.9966
16.8853
22.977
23.6234
23.5502
20.7239
24.1266
19.0853
24.2038
19.8566
20.9484
23.0248
24.0174
21.0245
17.7482
19.9914
24.044
22.3816
24.9959
23.511
22.5329
22.1667
19.9545
21.3784
23.9763
23.5249
24.6595
25.4293
23.6853
23.962
20.0387
26.3113
24.0312
25.7093
24.7218
23.5483
23.7144
22.6857
23.7168
24.3985
25.0245
24.537
25.3089
20.2898
21.8584
21.3732
21.715
22.9374
22.981
21.8689
22.9352
22.6788
23.0371
17.9477
20.8885
24.822
24.7873
22.4512
22.4254
17.3269
22.6061
23.702
20.2865
18.468
18.7881
23.0052
20.9813
25.0553
22.5974
18.5985
19.6277
18.7361
23.795
23.278
22.1694
21.1562
23.4872
22.7235
24.6803
24.1193
24.0089
21.5124
19.886
19.1263
20.035
24.6204
25.1268
24.4818
24.9552
23.9532
24.7505
23.8244
24.0068
23.6221
20.6367
23.1217
21.8377
24.4581
24.6937
21.3451
22.496
25.0984
23.5579
22.095
24.0835
21.3068
23.0743
22.7284
25.0668
24.6875
23.7992
20.8484
18.0854
25.7222
25.4947
21.6779
23.4624
22.2237
23.5247
23.7581
18.3189
23.1256
19.5155
20.4489
16.3372
23.4725
23.0787
23.7817
21.5841
25.7079
17.7111
22.4112
18.8843
23.6717
21.9743
23.6216
20.5477
19.8322
19.758
24.0118
23.2042
25.1232
21.3886
20.4611
24.8974
17.2371
18.2095
22.1973
21.1085
23.2732
21.7728
21.1127
22.321
20.6559
22.6761
21.9874
17.1679
23.4714
23.9009
22.1096
18.0614
19.3514
22.9735
21.2014
28.3333
22.3129
21.773
18.3125
21.5058
20.2413
25.0639
24.4654
24.8772
23.5396
19.9511
22.5108
22.274
20.4045
22.801
22.8352
25.2636
22.85
24.5735
23.8835
23.926
25.8008
19.7322
17.3636
24.2373
22.6875
22.7221
23.8568
20.3408
19.9633
23.8442
21.8929
18.4517
24.5964
24.3505
21.2131
18.8012
22.575
18.1188
18.4417
23.4164
19.2495
21.4376
21.5732
15.9137
21.9793
23.5125
24.4479
17.6559
21.9244
24.0375
25.2833
21.8418
24.1499
17.4881
22.7851
19.1113
24.8466
20.5509
23.826
19.2678
21.8369
23.6298
17.7536
21.7409
21.8407
23.1733
23.8682
21.7186
23.6016
24.6231
21.0232
18.5
23.8739
20.5803
17.1792
25.6644
20.7703
24.3064
25.0553
21.5695
22.1576
25.1966
16.8378
21.8645
20.9596
22.9842
22.9666
23.0628
22.7182
20.777
24.5068
24.5208
20.219
24.7654
17.4947
22.8629
24.2133
21.5902
19.8213
23.5089
22.4863
26.2169
19.657
